4294967279,32
4294967279,31
4294967279,30
4294967279,29
4294967279,26
4294967279,24
4294967279,13
4294967279,11
4294967279,8
4294967279,304
4294967278,340
4294967279,303
4294967278,339
4294967279,302
4294967278,171
4294967279,172
4294967294,396
4294967294,395
4294967294,413
4294967294,178
4294967294,955
4294967294,421
4294967294,425
4294967294,411
4294967294,918
4294967294,403
4294967294,420
4294967294,384
4294967294,111
4294967294,468
4294967294,110
4294967294,451
4294967278,170
4294967279,171
4294967279,301
4294967279,170
4294967278,338
4294967279,393
4294967279,168
4294967279,165
4294967279,167
21,5
4294967278,165
21,4
4294967279,166
21,3
21,2
21,1
4294967279,392
4294967279,391
4294967278,337
4294967279,390
4294967294,968
4294967294,913
4294967294,917
4294967294,170
4294967294,967
4294967278,336
4294967279,298
4294967278,160
4294967279,161
4294967294,475
4294967278,335
4294967279,160
4294967279,389
4294967279,159
4294967278,334
4294967279,157
4294967279,156
4294967278,155
4294967279,155
20,6
20,5
4294967279,154
20,4
20,3
20,2
20,1
4294967278,333
4294967279,153
4294967278,332
4294967279,294
4294967279,293
4294967278,331
4294967279,149
4294967294,38
4294967294,37
4294967294,36
4294967294,39
4294967279,148
4294967279,388
4294967278,330
4294967279,147
4294967279,292
4294967279,144
19,5
4294967279,143
19,4
19,3
19,2
19,1
4294967278,329
4294967279,142
4294967294,40
4294967279,28
4294967278,328
4294967279,387
4294967279,27
4294967278,327
4294967279,279
4294967279,25
4294967279,137
4294967279,278
4294967278,326
4294967294,89
4294967279,136
4294967279,23
4294967279,276
4294967278,325
13,4
4294967279,386
4294967278,270
4294967278,272
18,5
4294967279,385
18,4
4294967278,271
18,3
18,2
18,1
4294967278,324
4294967279,274
4294967278,323
4294967279,289
4294967278,283
4294967279,384
4294967278,267
4294967279,270
4294967278,266
4294967294,474
4294967279,269
4294967279,288
4294967278,265
4294967278,281
4294967279,287
4294967278,280
12,4
4294967278,264
4294967279,266
4294967278,261
4294967278,263
17,5
4294967279,265
17,4
4294967278,278
17,3
17,2
17,1
4294967278,322
4294967279,264
4294967278,321
4294967294,81
4294967294,50
4294967279,319
4294967278,320
4294967279,6
4294967279,261
4294967278,319
4294967279,259
4294967278,318
4294967279,258
4294967279,281
4294967278,317
4294967278,316
4294967279,318
4294967278,315
4294967279,257
4294967278,314
11,4
4294967278,313
4294967279,317
4294967279,316
4294967278,312
16,4
4294967279,315
16,3
16,2
16,1
4294967279,314
4294967278,311
4294967279,313
4294967278,310
4294967279,312
4294967278,309
4294967279,283
4294967278,253
4294967279,253
4294967278,252
4294967278,308
4294967279,250
4294967279,251
4294967278,250
4294967279,249
10,4
4294967279,248
4294967278,246
4294967279,240
4294967279,246
15,6
4294967278,244
15,5
4294967279,244
15,4
4294967278,242
15,3
15,2
15,1
4294967279,241
4294967279,243
4294967278,240
4294967278,239
4294967294,186
4294967278,307
4294967294,107
4294967294,116
4294967294,46
4294967294,387
4294967294,167
4294967279,239
4294967278,306
4294967278,260
4294967279,282
4294967279,260
4294967279,0
4294967278,235
4294967279,234
4294967278,232
4294967279,232
4294967279,233
4294967278,230
4294967278,231
4294967279,230
4294967278,228
9,4
4294967278,226
4294967279,226
4294967278,220
4294967278,224
14,5
4294967279,224
14,4
4294967278,222
14,3
14,2
14,1
4294967294,908
4294967294,912
4294967294,958
4294967278,221
4294967279,222
0,7
4294967294,99
4294967294,76
4294967294,41
4294967278,219
4294967294,67
4294967294,120
4294967294,1
4294967294,473
4294967294,2
4294967294,469
4294967294,92
4294967294,90
4294967294,86
4294967294,83
4294967294,956
4294967294,29
4294967294,959
4294967294,28
4294967294,27
4294967294,25
4294967294,957
4294967294,26
4294967294,417
4294967294,426
4294967279,311
4294967294,17
4294967294,82
4294967279,218
4294967278,217
0,5
4294967294,8
4294967293,131
4294967293,130
4294967293,129
4294967293,128
4294967293,127
4294967293,126
4294967293,125
4294967293,124
4294967293,123
4294967293,122
4294967293,121
4294967293,120
4294967293,119
4294967293,118
4294967293,117
4294967293,116
4294967293,115
4294967293,114
4294967293,113
4294967293,112
4294967293,111
4294967293,110
4294967293,109
4294967293,108
4294967293,107
4294967293,106
4294967293,105
4294967293,104
4294967293,103
4294967293,102
4294967293,101
4294967293,100
4294967293,99
4294967293,98
4294967293,97
4294967293,96
4294967293,95
4294967293,94
4294967293,93
4294967293,92
4294967293,91
4294967293,90
4294967293,89
4294967293,87
4294967293,86
4294967293,85
4294967293,84
4294967293,83
4294967293,82
4294967293,81
4294967293,80
4294967293,79
4294967293,78
4294967293,77
4294967293,76
4294967293,75
4294967293,74
4294967293,73
4294967293,72
4294967293,71
4294967293,70
4294967293,69
4294967293,68
4294967293,67
4294967293,66
4294967293,65
4294967293,64
4294967293,63
4294967293,62
4294967293,61
4294967293,60
4294967293,59
4294967293,58
4294967293,57
4294967293,56
4294967293,55
4294967293,54
4294967293,53
4294967293,52
4294967293,51
4294967293,50
4294967293,49
4294967293,48
4294967293,47
4294967293,46
4294967293,45
4294967293,44
4294967293,43
4294967293,42
4294967293,41
4294967293,40
4294967293,39
4294967293,38
4294967293,37
4294967293,36
4294967293,35
4294967293,34
4294967293,33
4294967293,32
4294967293,31
4294967293,30
4294967293,29
4294967293,28
4294967293,27
4294967293,26
4294967293,25
4294967293,24
4294967293,23
4294967293,22
4294967293,21
4294967293,20
4294967293,19
4294967293,18
4294967293,17
4294967293,16
4294967293,15
4294967293,14
4294967293,13
4294967293,12
4294967293,11
4294967293,10
4294967293,9
4294967293,8
4294967293,7
4294967293,6
4294967293,5
4294967293,4
4294967293,3
4294967278,132
4294967278,131
4294967278,130
4294967278,129
4294967278,128
4294967278,127
4294967278,126
4294967278,125
4294967278,124
4294967278,123
4294967278,122
